002151
344930
004499
005479
006602
009172
329177
011088
013200
013943
285662
000744
287801
466255
018929
019445
019704
019720
020303
020648
020745
014036
028614
030104
031011
031887
035173
037257
037710
038032
039594
041416
043494
146998
043753
045446
047260
048046
670413
048020
049476
049344
050288
050679
053244
053376
054593
054801
054933
055328
056367
197030
197030
057100
060658
060917
060780
061956
063541
063649
063770
064424
066508
066540
356315
066664
282227
067156
067547
067547
068713
071749
075990
080020
425826
425826
088080
072745
089770
089486
090034
090298
100048
101605
101737
101796
151262
102440
102580
105694
106151
106178
493104
106410
107581
107328
107190
107808
107948
107972
084352
111740
111775
113174
123056
123315
125008
125130
125393
125520
127680
127736
127884
128058
411264
133060
413470
133582
134627
134848
599135
135011
135534
135798
138975
137030
137090
139041
139955
448052
140996
141380
141410
141410
141640
141640
141771
141771
142816
145548
146978
014001
491997
149055
147605
612634
151653
153214
153478
157635
157899
158020
158020
156132
164399
164399
164780
165824
167517
171026
171280
173363
173495
176796
177261
329134
126195
185680
186759
186880
361348
190918
190918
191485
191957
193518
195073
195464
190780
196371
196550
589896
589896
197319
198781
198846
286850
201510
203262
511195
207942
020486
210714
211060
211320
211451
211842
211974
212881
212750
213144
213403
213535
086698
216003
216402
216780
216917
217697
217824
220345
221597
529567
223158
225622
225886
229580
229652
230820
232262
232904
233161
236675
245380
249807
237655
252271
252816
252832
253405
253707
255467
255521
255785
255378
916552
255947
255947
255416
255416
256170
257214
258970
259551
551325
261246
263010
263060
264695
266051
270474
270504
270342
272280
270997
272426
274119
275158
275280
277754
278165
278793
278920
280879
280917
282049
282049
279374
086698
282693
279706
283088
283371
283436
283479
283606
283738
493090
284203
284904
285293
286060
286060
286125
286206
284645
282073
382068
288543
288411
288411
536482
289817
289973
291277
291927
294780
296473
300110
300373
302589
305316
305570
305570
305707
308048
310255
310905
311553
311812
130850
312339
320919
308560
321699
324647
675326
326372
326500
364703
331635
331830
335606
342190
348511
346527
346659
349127
350680
352632
354716
356662
360198
557617
364690
365793
364746
365769
365890
371351
373559
374733
336580
336580
378577
433624
384879
400734
400866
402940
403075
403202
403237
407291
411132
409570
411914
413739
414387
413305
415812
419710
419710
421537
427772
429333
432326
432849
434140
434400
431656
433756
433756
435180
437581
437522
439479
438014
441554
441813
443697
445525
448575
935476
448958
450138
450332
450359
450332
451320
452343
457809
458325
461830
465739
465739
467162
467162
474541
476390
479640
479900
480169
287504
287504
467685
485101
485756
467812
487872
488348
488488
489000
489522
490300
490954
491349
491730
493120
493554
493686
495506
497665
497665
501972
504866
504998
505250
013226
505587
506036
508110
509280
511102
511137
511137
514314
287300
514489
515132
515272
515272
515337
535311
517348
518840
520110
528269
528269
529176
944025
528919
534374
535443
529958
536970
531022
542040
543470
543349
544388
544388
547875
550647
609900
536393
551279
526890
555169
422237
552704
553093
556793
557200
557382
562580
563234
569607
569135
574546
576239
146998
491997
579092
586374
586765
587028
591050
593915
595608
596256
596388
602108
602850
597554
597686
603015
603406
603929
605166
605166
605611
607177
607304
607550
607568
607568
679054
609250
607827
609773
609510
089516
613282
614882
615366
616141
616532
617210
954373
617210
607827
624594
624756
625132
625132